19.2413 -16.5966
18.5518 -17.3209
17.8622 -18.0451
17.1726 -18.7693
16.483 -19.4935
15.5141 -19.246
14.5453 -18.9985
13.5764 -18.751
12.6075 -18.5035
11.6386 -18.256
10.6697 -18.0086
9.70081 -17.7611
8.73192 -17.5136
7.76303 -17.2661
6.79414 -17.0186
5.92023 -17.5047
5.04633 -17.9908
4.17243 -18.4769
3.29852 -18.963
2.42462 -19.4491
1.43389 -19.3132
0.443165 -19.1773
-0.547562 -19.0415
-1.53829 -18.9056
-2.52902 -18.7697
-3.52875 -18.7926
-4.52849 -18.8155
-5.52823 -18.8384
-6.52797 -18.8613
-7.51509 -19.0213
-8.50221 -19.1812
-9.48778 -19.3505
-10.4734 -19.5198
-11.4589 -19.6891
-12.4445 -19.8584
-13.4427 -19.7989
-14.441 -19.7395
-15.4392 -19.6801
-16.4374 -19.6207
-17.4357 -19.5613
-18.4339 -19.5019
-19.3816 -19.821
-20.3294 -20.14
-21.2517 -19.7534
-22.1739 -19.3669
-23.0962 -18.9803
-24.0185 -18.5938
-24.0643 -17.5948
-23.546 -16.7397
-24.3768 -16.1832
-25.2077 -15.6267
-26.0385 -15.0702
-26.8694 -14.5137
-27.7002 -13.9572
-28.5311 -13.4007
-29.3619 -12.8443
-29.6068 -11.8747
-29.8516 -10.9051
-29.8431 -9.90515
-29.8345 -8.90519
-29.826 -7.90522
-29.8175 -6.90526
-29.809 -5.9053
-29.8005 -4.90533
-29.7919 -3.90537
-29.7834 -2.9054
-29.7749 -1.90544
-29.7664 -0.905477
-28.7688 -0.835671
-29.0507 0.123765
-29.3327 1.0832
-28.8668 1.96807
-28.401 2.85294
-27.9351 3.73781
-28.0612 4.72983
-27.084 4.94184
-26.1067 5.15386
-25.1822 5.53505
-24.2577 5.91625
-23.3332 6.29744
-22.7756 5.46736
-22.2179 4.63729
-21.6603 3.80721
-21.1026 2.97713
-20.2592 2.43989
-19.4158 1.90265
-19.9032 1.02947
-20.3906 0.156292
-19.9486 -0.740722
-19.5066 -1.63774
-18.6729 -2.18996
-18.7714 -3.18509
-18.8699 -4.18023
-18.4387 -5.08248
-18.0075 -5.98473
-17.5763 -6.88699
-17.2936 -7.84618
-17.0108 -8.80537
-16.728 -9.76456
-16.4453 -10.7237
-15.5523 -11.1738
-14.6593 -11.6239
-13.7663 -12.074
-12.8733 -12.524
-11.9803 -12.9741
-10.9806 -12.9511
-9.98698 -12.838
-8.9934 -12.7248
-8.13978 -13.2457
-7.28615 -13.7666
-6.29793 -13.9197
-5.30971 -14.0727
-4.55628 -13.4152
-3.80284 -12.7577
-3.0494 -12.1002
-2.15465 -12.5467
-1.2599 -12.9933
-0.365142 -13.4398
0.517293 -12.9694
1.39973 -12.499
2.28216 -12.0285
3.28176 -12.0003
3.87627 -11.1962
4.47077 -10.3921
5.24489 -11.0251
5.78394 -10.1829
6.323 -9.3406
6.6262 -8.38767
6.9294 -7.43475
7.8191 -6.97821
8.80716 -7.13226
9.08628 -6.172
9.3654 -5.21175
9.64452 -4.25149
9.92363 -3.29123
9.86038 -2.29324
9.48428 -1.36666
9.86069 -0.440206
9.69055 0.545213
9.52041 1.53063
9.35026 2.51605
9.18012 3.50147
9.00998 4.48689
8.59453 5.39651
8.17908 6.30612
9.09062 6.71731
8.42941 7.46751
7.76819 8.21771
8.45365 8.94582
7.82846 9.72628
7.20326 10.5067
7.78064 11.3232
6.82077 11.6037
5.86091 11.8841
5.7169 12.8737
5.57288 13.8633
4.58143 13.7328
4.61106 14.7324
3.62148 14.8764
2.6319 15.0204
1.82639 15.613
1.02087 16.2056
0.21535 16.7981
-0.781661 16.7209
-1.77867 16.6436
-2.75601 16.4319
-3.73336 16.2203
-4.73284 16.2524
-5.73232 16.2846
-6.73181 16.3168
-7.2983 15.4927
-8.29149 15.6093
-9.13243 15.0682
-9.97338 14.527
-9.55158 13.6203
-10.4531 13.1875
-11.3545 12.7547
-12.256 12.3219
-13.2091 12.6245
-13.7784 11.8023
-14.3476 10.9801
-14.327 9.98035
-14.3063 8.98057
-13.5217 8.36057
-14.0659 7.52162
-14.6102 6.68267
-15.1544 5.84373
-14.9382 4.86737
-14.7221 3.89101
-13.8979 3.32469
-14.2031 2.37242
-14.5084 1.42015
-14.8137 0.467889
-14.0924 -0.224749
-13.3711 -0.917388
-13.3383 -1.91685
-13.3056 -2.91631
-13.2728 -3.91578
-13.24 -4.91524
-13.2073 -5.9147
-12.507 -6.62864
-11.5273 -6.42863
-10.5475 -6.22862
-9.7203 -6.79058
-8.89314 -7.35254
-8.06597 -7.9145
-7.23881 -8.47647
-6.25665 -8.28843
-5.27449 -8.10039
-4.29233 -7.91235
-3.45056 -7.37251
-2.60879 -6.83268
-1.76701 -6.29284
-0.925245 -5.753
-0.0834742 -5.21317
0.503319 -6.0229
1.09011 -6.83264
1.67691 -7.64238
2.35527 -6.90765
2.63342 -5.94711
2.91157 -4.98658
3.18972 -4.02604
3.46788 -3.0655
3.74603 -2.10496
4.02418 -1.14443
3.89226 -0.153166
3.76034 0.838094
3.33774 1.74441
2.91515 2.65073
2.49256 3.55705
3.42942 3.90674
4.36629 4.25644
4.08938 5.21733
3.58737 6.0822
3.08537 6.94706
2.58336 7.81192
2.08135 8.67679
1.57934 9.54165
1.07734 10.4065
0.575329 11.2714
-0.424549 11.2557
-1.37947 10.9589
-2.33438 10.662
-3.2893 10.3651
-4.24422 10.0683
-5.19914 9.7714
-6.15406 9.47453
-7.10897 9.17766
-8.06389 8.88079
-8.05653 7.88081
-8.04917 6.88084
-8.04181 5.88087
-8.03445 4.88089
-8.02708 3.88092
-8.01972 2.88095
-8.01236 1.88097
-8.005 0.881002
-7.99764 -0.118971
-6.99843 -0.0793141
-5.99921 -0.039657
-5 0
